natives_american_inuit = {
	graphical_culture = inuitgfx
	color = { 0 255  255 }
	icon = 4
	
	unit = native_indian_archer
	
	provinces = {
		#Acheron
		1285 1286 1287 1288 1289 1290 1291 1292 1293 1294 1295 1296 1297 1298 1299 1300 1301 1302 1303 1304 1305
	}
}

natives_american_na = {
	graphical_culture = northamericagfx
	color = { 0 255  0 }
	icon = 1
	
	unit = native_indian_archer
	
	provinces = {
		#Not presently used in this mod
	}
}

natives_american_ma = {
	graphical_culture = southamericagfx
	color = { 255  255  0 }
	icon = 5
	
	unit = native_indian_archer
	
	provinces = {
		#Zeah
		398 399 400 401 402 403 404 405 406 407 408 409 410 411 412 413 414 415 416 417 418 419 420 421 422 423 424 425 426 427 428 429
		430 431 432 433 434 435 436 437 438 439 440 441 442 443 444 445 446 447 448 449 450 451 452 453 454 455 456 457 458 459 460 461
		462 463 464 465 466 467 468 469 470 471 472 473 474 475 476 477 478 479 480 481 482 483 484 485 486 487 488 489 490 491 492 493
		494 495 496 497 498 499 500 501 502 503 504 505 506 507 508 509 510 511 512 513 514 515 516 517 518 519 520 521 522 523 524 525
		873 874 875 876 877 878 879 880 881 882 883 884 928 929 930 931 932 933 934 935 936
		885 886 887 888 889 890 891 892
		1412 1413 1414 1415 1416 1417 1418 1419 1420 1421 1422 1423 1424 1425 1426 1427 1428 1429 1430 1431 1432 1433 1434 1435
		1448 1449 1450 1451 1452 1453 1454 1455 1456 1457 1458 1459 1460 1461 1462 1463
	}
}

natives_american_sa = {
	graphical_culture = southamericagfx
	color = { 255  0  0 }
	icon = 6
	
	unit = native_indian_archer
	
	provinces = {
		#Not presently used in this mod
	}
}

natives_african = {
	graphical_culture = africangfx
	color = { 180  180  80 }
	icon = 2
	
	unit = african_spearmen
	
	provinces = {
		#Karamja 
		209 210 211 212 213 214 215 216 217 218 219 220 221 222 223 224 225 226 227 228 229 230 231 232 233
		975 872 871 976 977
	}
}

natives_asian = {
	graphical_culture = indiangfx
	color = { 255  255  80 }
	icon = 3
	
	unit = east_asian_spearmen
	
	provinces = {
		#Kharid
		61 62 63 64 65 66 67 68 69 70 71 72 73 74 75 76 77 78 79 80 81 82 83 84 85 86 87 88 89 90 91 92 93 94 95 96 97 98 99 100 101
		789 1003 867 866 788 857 858 859 586 1000 854 855 856 786 787 868 1366 1367 1395 1436
		#Outer Isles
		764 765 766 142 143 144 145 146 147 148 900 1344 1407
		#Wushanko
		1097 1098 1099 1100 1101 1102 1103 1104 1105 1106 1107 1108 1109 1110 1111 1112 1113 1114 1115 1116 1117 1118 1119 1120 1121
		1122 1123 1124 1125 1126 1127 1128 1129 1130 1131 1132 1133 1134 1135 1136 1137 1138 1139 1140 1141 1142 1143 1144 1145 1146
		1147 1148 1149 1150 1151 1152 1153 1154 1155 1156 1157 1158 1159 1160 1161 1162 1163 1164 1165 1166 1167 1168 1169 1170 1171
		1172 1173 1174 1175 1176 1177 1178 1179 1180 1181 1182 1183 1184 1185 1186 1187 1188 1189 1190 1191 1192 1193 1194 1195 1196 
		1197 1198 1199 1200 1201 1202 1203 1204 1205 1206 1207 1208 1209 1210 1211 1212 1213 1214 1215 1216 1217 1218 1219 1220 1221
		1222 1223 1224 1225 1226 1227 1228 1229 1230 1231 1408
	}
}

natives_siberian = {
	graphical_culture = inuitgfx
	color = { 127  255  255 }
	icon = 4
	
	unit = mongol_bow
	
	provinces = {
		# Using it for every province that doesn't fall into the other categories
		#Misthalin
		1 2 3 4 5 6 7 8 9 10 11 12 13 14 15 16 17 18 19 20 21 22 23 24 25 26 27
		781 782 790 791 792 894 895 896 897 901 938 939 940 941 942 1355 1356 1357 1358 1359 1360
		1397 1398 1399 1400 1401
		#Asgarnia
		33 34 35 36 37 38 39 40 41 43 44 45 46 47 48 42 49 50 51 52 56 57 58 59 60
		793 794 795 796 797 863 864 865 943 945 946 986 987 988 1004 1005 1006 1014 1016 1363 1364 1365
		#Morytania
		111 112 113 114 116 117 119 120 115 118 130
		121 122 123 124 125 126 127 128 129 131 132 133 134 136	135 137 138 139 140 
		842 843 844 845 846 847 848 849 850 947 948 949 950 1373 1374
		1402 1403 1404
		#Forinthry
		149 162 163 176 150 151 160 152 153 158 159 154 155 156 157 161 164 165 174 166 167 168 173 206 169 170 171 172	175 177 178 179
		180 181 182 183 184 185 186 187 188 189 190 191 192 193 194 195 196 197 358 
		869 956 957 958 959 960 961 962 963 964 965 966
		1234 1235 1236 1237 1238 1345 1437 1438 1439 1440
		#Outer Isles
		198 199 200 202 201 203 204 205 870 951 952 953 954 955
		#Kandarin
		247 248 249 250 251	252 253 254 261 255 256 257 258 259 260 263 536 262 264 265 282 283
		266 267 268 269	270 271 272 273 274 275 276 277 278	279 280 281	284 287 288 295 296	285 286 289 290	291 292 293 294
		768 769 775 776 777 778 779 780 851 852 860 861 862 1347 1349 1376 1377 1378 1379 1380 1381 1382 1383 1384 1385
		989 990 991 992 1007 1008 1410 1411
		#Feldip Hills
		305 306 307 308	309 310 311	312 313 314	315 316 317
		1009 1010 1011 1012 1013
		#Southern Isles
		234 235 236 237 238 239
		805 806 978
		753 754 755 756 757 758	759 760 761 762 853
		923 924 925 984 985 1346 1409
		#Tirannwn
		325 326 327 328 329	324 330 331 332 335	333 334 336 337	338 339	340 341 342 538
		770 771 772 773 774 902 979 980 981 982 983
		1240 1241 1242 1243 1244 1245 1246 1247 1248 1386 1387 1388 1389 1390
		#Troll Country
		345 346 347 348	349 350 351 354	352 353 374	355 356 357 359
		783 967 968 969 970 1351
		#Fremennik
		322 365 366	367 368 372 373	369 370 371	376 377	378 379 380	381 382 383 384	386 387 389 390	385 388 391	392 393 394 395 396
		784 785 971 972 973 974 1233 1350 1391 1392 1393 1394
	}
}
